8
59 26 77 11 27 61 93 26
59 61 27 26

4
60 35 37 10

8
45 5 96 2 14 95 98 5

8
64 16 82 5 52 68 97 73
16 73 5 64 97 68 82

//cand se sterge 5
8
64 16 82 5 52 68 97 73
52 82 68 64 5

//cazul -2/0
8
64 16 82 5 52 68 97 73
64 68 73 82 97

9
35 18 53 10 23 40 60 13 55

//exemplu pentru stergere de frunza si -2/1 sau 2/-1
9
35 18 53 10 23 40 60 13 55

8
56 56 63 49 58 64 28 50

11
35 18 53 10 23 40 60 13 28 37 55

9
21 10 30 3 18 25 43 35 44

11
38 18 53 10 23 40 60 11 25 39 55

16
27 16 45 1 21 36 78 15 20 25 61 92 5 57 85 93

8
12 4 94 43 97 39 60 56

7
42 84 60 52 68 62 63

11
31 17 41 5 63 9 50 70 8 11 53

12
14 4 40 1 28 98 30 77 29 30 80 78

13
31 17 41 40 5 63 9 50 70 8 11 53 10

7
41 5 70 9 50 8 11

12
20 7 14 21 25 0 11 23 40 22 15 12

//31 sub 17 pe dreapta (obv)
11
41 17 63 5 31 9 50 70 8 11 53

11
41 28 56 10 40 53 60 8 39 55 9

11
31 17 41 5 63 9 50 70 8 11 53

12
27 21 35 20 25 34 14 29 10 16 4 9